50
143
0 7
0 34
1 22
1 49
1 45
1 14
1 21
2 25
2 33
2 19
3 36
3 17
3 4
3 42
4 17
4 17
4 27
5 43
6 13
6 13
6 28
6 28
7 41
7 44
8 19
8 48
9 9
9 30
9 46
10 7
10 0
10 29
10 29
10 28
10 28
10 28
10 41
11 30
11 21
12 11
12 26
12 21
12 21
12 9
13 22
13 23
13 47
14 21
14 48
14 8
15 8
15 49
15 34
16 9
17 20
17 38
17 24
18 42
18 28
18 6
18 32
19 15
19 40
20 3
20 38
20 35
20 46
21 22
22 6
23 11
23 22
23 21
24 38
24 5
24 43
24 4
25 34
25 2
26 12
26 9
26 16
27 24
27 5
27 31
27 42
28 22
28 39
28 44
29 49
29 22
30 23
30 37
31 18
31 32
32 6
32 13
32 47
32 37
32 5
33 2
33 19
33 8
34 2
34 19
34 40
34 29
35 46
35 37
35 9
36 20
36 42
37 47
37 47
37 35
37 9
37 5
38 38
38 37
38 35
39 18
39 42
40 15
41 44
41 28
42 31
43 37
43 38
44 39
45 14
45 14
45 8
45 49
45 15
46 16
47 23
47 30
48 33
48 33
48 21
48 12
49 49
49 34
49 22